38 90 78 19 82 53 100 64 42 52 6 43 71 76 12 50 40 86 99 73
18 77 27 90 56 97 92 85 67 1 76 64 67 92 84 11 89 76 42 87
60 88 92 57 62 79 89 40 90 98 94 97 17 72 46 67 27 30 43 32
28 70 52 20 19 23 83 76 9 80 1 75 71 63 22 68 45 81 44 73
59 16 42 34 29 12 78 69 5 87 86 36 91 11 50 24 65 10 21 33
93 41 64 2 15 35 100 61 51 82 74 58 66 4 26 54 84 25 96 53
39 95 18 85 47 77 37 99 7 31 3 49 38 8 14 56 55 13 6 48
36 69 13 70 95 55 89 47 57 87 1 76 59 6 27 9 45 100 96 75
4 35 7 2 5 54 79 43 94 46 97 49 48 15 41 28 21 37 42 11
38 17 8 25 80 93 40 33 18 14 63 78 61 53 64 10 60 52 73 90
74 32 58 30 31 24 71 50 65 16 84 3 92 44 67 23 85 81 20 83
22 82 98 91 88 77 86 26 29 72 34 51 62 99 56 39 66 19 12 68
40 7 81 38 44 21 64 97 18 73 71 19 83 93 33 61 91 67 52 65
90 5 78 95 26 49 47 4 6 80 55 35 8 89 22 15 37 42 20 39
51 68 23 100 59 27 41 30 57 88 77 43 31 66 85 60 58 76 24 56
70 16 9 62 72 94 74 34 32 17 82 45 10 92 96 12 11 13 48 14
98 79 28 25 54 53 3 99 50 1 29 75 2 87 86 63 46 69 84 36
3 80 58 56 21 22 50 67 17 79 10 43 8 7 14 23 60 78 4 87
72 38 93 29 69 97 12 2 55 5 64 20 42 18 77 75 54 19 52 62
81 32 71 89 82 44 63 37 94 73 16 100 25 83 48 27 31 65 40 68
76 13 41 88 99 92 96 28 47 26 36 9 98 11 30 1 45 95 33 46
6 24 70 57 84 59 15 61 51 35 34 53 49 85 66 86 90 91 74 39
98 83 10 21 38 66 72 63 28 62 60 85 61 18 64 8 14 76 1 50
31 68 71 93 92 57 80 45 46 59 79 30 17 4 5 73 53 24 3 89
2 33 23 26 67 27 12 55 100 37 58 75 65 69 40 7 87 94 56 84
19 96 52 77 25 34 70 42 41 51 95 9 6 90 91 32 48 97 86 20
22 15 13 16 47 99 39 43 36 88 78 74 81 44 29 11 82 35 54 49
66 22 72 2 96 64 45 84 61 15 92 97 80 19 26 30 29 1 37 95
12 10 32 48 55 91 21 16 60 75 63 8 23 17 38 13 27 40 83 79
57 43 39 69 78 14 42 53 65 81 67 49 33 4 47 6 94 36 46 99
